5
8
9
14
15
16
18
20
22
25
26
28
31
41
45
46
49
52
58
142
144
148
151
158
159
160
161
166
168
169
170
172
173
179
180
181
183
184
185
186
193
198
201
202
206
208
209
213
216
217
219
220
223
227
230
231
232
233
236
238
241
252
254
255
257
262
268
270
274
278
279
282
286
288
289
292
294
296
298
299
310
311
312
314
315
317
320
322
328
333
336
337
339
344
346
352
353
367
375
378
381
383
384
387
388
391
396
397
398
399
402
403
408
412
414
417
418
419
422
433
434
437
446
454
456
458
463
470
474
478
483
487
501
504
508
510
511
512
513
519
521
522
533
547
548
550
554
555
556
562
567
569
571
572
575
576
577
580
591
593
596
598
599
600
602
604
606
608
618
619
621
623
626
631
634
638
640
641
642
650
654
659
663
665
670
671
674
675
679
682
691
693
696
697
698
700
701
709
711
714
717
723
728
730
744
746
747
757
766
767
769
771
776
782
785
786
789
791
792
793
796
800
812
813
819
822
828
833
834
836
837
842
844
846
847
856
866
867
869
870
871
875
876
878
880
887
893
895
900
901
910
915
917
919
921
924
927
928
929
931
933
939
943
945
953
954
960
961
962
963
968
973
975
980
982
983
987
988
989
991
995
998
1001
1003
1005
1006
1015
1017
1018
1020
1021
1024
1025
1027
1032
1045
1049
1050
1053
1054
1055
1056
1057
1058
1060
1063
1066
1067
1074
1076
1081
1085
1087
1091
1092
1093
1094
1096
1097
1099
1100
1101
1102
1107
1108
1109
1117
1120
1122
1125
1127
1128
1131
1132
1133
1135
1148
1152
1160
1161
1167
1172
1176
1177
1178
1186
1187
1192
1193
1201
1202
1212
1213
1214
1218
1220
1222
1224
1226
1232
1240
1242
1243
1248
1257
1271
1272
1273
1274
1275
1278
1279
1290
1291
1295
1296
1298
1299
1300
1301
1302
1304
1311
1316
1317
1320
1322
1324
1326
1327
1330
1332
1335
1341
1345
1348
1349
1356
1357
1364
1365
1366
1372
1383
1387
1393
1394
1401
1404
1406
1412
1414
1424
1425
1433
1435
1439
1440
1441
1443
1446
1447
1448
1451
1454
1457
1458
1459
1461
1463
1464
1466
1470
1473
1474
1478
1480
1489
1497
1498
1499
1503
1504
1509
1512
1515
1542
1543
1549
1555
1559
1564
1568
1571
1574
1575
1576
1577
1578
1582
1583
1591
1592
1596
1598
1599
1601
1604
1606
1608
1609
1612
1614
1615
1616
1622
1623
1634
1637
1642
1646
1655
1658
1663
1664
1665
1666
1667
1674
1679
1680
1682
1685
1692
1693
1698
1702
1705
1709
1729
1742
1793
1800
1803
1807
1808
1809
1810
1811
1812
1813
1814
1815
1816
1817
1818
1819
1820
1821
1822
1823
1824
1838
1845
1847
1853
1854
1856
1858
1859
1860
1861
1862
1863
1864
1865
1866
1867
1868
1869
1870
1871
1872
1873
1874
1875
1876
1877
1878
1894
1895
1925
1929
1930
1932
1933
1934
1935
1936
1937
1938
1939
1940
1941
1942
1943
1944
1945
1946
1947
1948
1949
1950
1951
1952
1953
1958
1978
1987
1988
1989
1993
1994
1995
1996
1997
1998
2000
2001
2004
2005
2006
2007
2008
2009
2010
2012
2013
2015
2028
2029
2033
2034
2036
2037
2038
2039
2040
2042
2043
2045
2064
2065
2066
2067
2068
2076
2077
2078
2079
2092
2105
2109
2115
2116
2118
2119
2120
2125
2126
2127
2129
2130
2139
2140
2141
2142
2143
2147
2148
2149
2150
2153
2163
2164
2177
2178
2188
2192
2205
2206
2207
2208
2213
2214
2215
2216
2217
2230
2231
2242
2243
2244
2245
2246
2248
2254
2259
2277
2283
2284
2297
2302
2303
2304
2305
2306
2309
2310
2311
2315
2316
2317
2318
2321
2339
2340
2341
2344
2345
2346
2347
2349
2350
2359
2362
2368
2369
2370
2371
2372
2374
2382
2399
2404
2406
2407
2411
2412
2413
2414
2415
2421
2426
2427
2428
2431
2438
2439
2460
2463
2472
2476
2478
2483
2485
2487
2490
2494
2495
2496
2501
2502
2509
2510
2514
2520
2522
2530
2532
2535
2536
2540
2541
2542
2543
2544
2551
2552
2553
2556
2560
2566
2567
2568
2569
2570
2571
2572
2573
2574
2575
2578
2580
2583
2589
2590
2591
2594
2596
2600
2601
2602
2603
2604
2606
2607
2608
2610
2611
2612
2614
2625
2626
2627
2630
2631
2633
2634
2635
2636
2637
2641
2651
2660
2664
2665
2668
2669
2670
2677
2687
2688
2689
2693
2694
2697
2698
2699
2700
2701
2702
2704
2705
2706
2707
2708
